0 3
0 4
1 5
2 10
3 7
3 21
4 11
4 7
5 12
6 8
6 15
7 11
8 23
9 10
9 16
10 16
11 18
11 13
12 14
12 17
13 18
14 20
15 19
16 31
17 22
17 26
18 24
19 22
20 21
20 26
21 24
22 27
23 29
24 36
25 30
26 34
26 32
26 37
27 32
27 29
28 35
28 33
29 58
30 33
30 38
31 56
32 43
33 35
34 36
34 37
35 39
35 41
36 40
37 42
38 44
39 59
40 45
41 47
42 49
42 43
43 48
44 45
44 50
46 51
46 54
47 50
48 53
49 52
50 57
51 54
52 53
52 67
53 55
54 65
55 62
56 60
56 71
57 68
58 70
59 60
59 63
60 71
61 66
61 64
61 73
62 80
63 66
64 73
65 72
66 81
67 68
67 74
67 83
68 74
69 75
70 76
70 72
71 77
71 88
72 87
73 93
74 82
75 83
75 78
76 80
77 88
78 84
79 85
80 89
81 85
81 92
82 90
82 86
83 84
83 100
85 95
86 90
87 91
88 98
89 100
89 94
90 93
92 105
93 96
94 113
95 99
95 101
96 106
96 107
97 108
97 103
98 99
98 104
99 101
100 121
101 110
102 127
102 125
103 111
103 109
104 112
104 118
105 110
105 114
106 114
106 107
107 120
108 116
108 111
110 119
111 116
112 115
113 117
114 119
114 131
115 118
115 122
116 120
117 124
118 125
119 123
121 129
122 123
122 125
122 133
123 133
124 128
124 126
125 141
126 134
128 130
129 130
129 132
130 132
131 135
131 140
132 139
133 135
134 136
135 138
136 137
136 139
138 141
138 148
139 142
140 143
141 146
141 147
143 144
144 145
146 148
147 148
